***************************************
GEOMETRY
***************************************
---------------------------------------
Nodal Coordinates: 
(Node No. - X - Y - Z)
---------------------------------------

NODES =

     1     0     0
     2     0   120
     3   120   120
     4   120     0

---------------------------------------

---------------------------------------
Boundary Conditions: 1 = Restrained, 0 = Free
(Node No. - Tx - Ty - Rz)
---------------------------------------

BOUNDS =

   1   1   1   1
   4   1   1   1

---------------------------------------

---------------------------------------
Element Information:
(Ele No. - iNode - jNode - Member Type - E - A - I)
---------------------------------------

ELES =

       1.00000       1.00000       2.00000       0.00000   29000.00000       3.54000      53.80000
       2.00000       2.00000       3.00000       0.00000   29000.00000       3.54000      53.80000
       3.00000       3.00000       4.00000       0.00000   29000.00000       3.54000      53.80000

---------------------------------------

---------------------------------------
Load Information:
(Node No. - Fx - Fy - Mz)
---------------------------------------

LOADS =

     2     0     0   500

---------------------------------------

plotFile = ../../1. OUTPUT/TestFrame.png
ans =

   -12   132   -12   132

***************************************
ANALYSIS
***************************************

kff =

      866.33472        0.00000      650.08333     -855.50000        0.00000        0.00000
        0.00000      866.33472      650.08333        0.00000      -10.83472      650.08333
      650.08333      650.08333   104013.33333        0.00000     -650.08333    26003.33333
     -855.50000        0.00000        0.00000      866.33472        0.00000      650.08333
        0.00000      -10.83472     -650.08333        0.00000      866.33472     -650.08333
        0.00000      650.08333    26003.33333      650.08333     -650.08333   104013.33333

P =

     0
     0
   500
     0
     0
     0

uf =

  -0.16959319
  -0.00415962
   0.00602116
  -0.16716565
   0.00415962
  -0.00040851

***************************************
Post Process
***************************************

---------------------------------------
Nodal Displacements: 
(Node No. - Tx - Ty - Rz)
---------------------------------------

NodalDisp =

   1.00000   0.00000   0.00000   0.00000
   2.00000  -0.16959  -0.00416   0.00602
   3.00000  -0.16717   0.00416  -0.00041
   4.00000   0.00000   0.00000   0.00000

---------------------------------------
---------------------------------------
Global Member Forces: 
(Element No. - iFx - iFy - iMz - jFx - jFy - jMz)
---------------------------------------

GlobalForces =

     1.0000    -2.0768     3.5586    46.3204     2.0768    -3.5586   202.8905
     2.0000    -2.0768     3.5586   297.1095     2.0768    -3.5586   129.9168
     3.0000    -2.0768     3.5586  -129.9168     2.0768    -3.5586  -119.2942

---------------------------------------
---------------------------------------
Local Member Forces: 
(Element No. - iFx - iFy - iMz - jFx - jFy - jMz)
---------------------------------------

LocalForces =

     1.0000     3.5586     2.0768    46.3204    -3.5586    -2.0768   202.8905
     2.0000    -2.0768     3.5586   297.1095     2.0768    -3.5586   129.9168
     3.0000    -3.5586    -2.0768  -129.9168     3.5586     2.0768  -119.2942

---------------------------------------
---------------------------------------
Nodal Support Reactions: 
(Node No. - Fx - Fy - Mz)
---------------------------------------
Support =

     1.00000    -2.07676     3.55855    46.32041
     2.00000     0.00000     0.00000     0.00000
     3.00000     0.00000     0.00000     0.00000
     4.00000     2.07676    -3.55855  -119.29418

sumFx =    2.2204e-14
sumFy =    1.3323e-15
sumMz = -72.974
---------------------------------------
