***************************************
GEOMETRY
***************************************
---------------------------------------
Nodal Coordinates: 
(Node No. - X - Y - Z)
---------------------------------------

NODES =

     1     0     0
     2     0   120
     3   120   120
     4   120     0

---------------------------------------

---------------------------------------
Boundary Conditions: 1 = Restrained, 0 = Free
(Node No. - Tx - Ty - Rz)
---------------------------------------

BOUNDS =

   1   1   1   1
   4   1   1   1

---------------------------------------

---------------------------------------
Element Information:
(Ele No. - iNode - jNode - Member Type - E - A - I)
---------------------------------------

ELES =

       1.00000       1.00000       2.00000       0.00000   29000.00000       3.54000      53.80000
       2.00000       2.00000       3.00000       0.00000   29000.00000       3.54000      53.80000
       3.00000       3.00000       4.00000       0.00000   29000.00000       3.54000      53.80000

---------------------------------------

---------------------------------------
Load Information:
(Node No. - Fx - Fy - Mz)
---------------------------------------

LOADS =

    2   10    0    0

---------------------------------------

plotFile = ../../1. OUTPUT/TestFrame.png
ans =

   -12   132   -12   132

***************************************
ANALYSIS
***************************************

kff =

      866.33472        0.00000      650.08333     -855.50000        0.00000        0.00000
        0.00000      866.33472      650.08333        0.00000      -10.83472      650.08333
      650.08333      650.08333   104013.33333        0.00000     -650.08333    26003.33333
     -855.50000        0.00000        0.00000      866.33472        0.00000      650.08333
        0.00000      -10.83472     -650.08333        0.00000      866.33472     -650.08333
        0.00000      650.08333    26003.33333      650.08333     -650.08333   104013.33333

P =

   10
    0
    0
    0
    0
    0

uf =

   0.6664476
   0.0049915
  -0.0033919
   0.6606216
  -0.0049915
  -0.0033433

***************************************
Post Process
***************************************

---------------------------------------
Nodal Displacements: 
(Node No. - Tx - Ty - Rz)
---------------------------------------

NodalDisp =

   1.00000   0.00000   0.00000   0.00000
   2.00000   0.66645   0.00499  -0.00339
   3.00000   0.66062  -0.00499  -0.00334
   4.00000   0.00000   0.00000   0.00000

---------------------------------------
---------------------------------------
Global Member Forces: 
(Element No. - iFx - iFy - iMz - jFx - jFy - jMz)
---------------------------------------

GlobalForces =

     1.0000    -5.0158    -4.2703   345.0467     5.0158     4.2703   256.8470
     2.0000     4.9842    -4.2703  -256.8470    -4.9842     4.2703  -255.5845
     3.0000     4.9842    -4.2703   255.5845    -4.9842     4.2703   342.5218

---------------------------------------
---------------------------------------
Local Member Forces: 
(Element No. - iFx - iFy - iMz - jFx - jFy - jMz)
---------------------------------------

LocalForces =

     1.0000    -4.2703     5.0158   345.0467     4.2703    -5.0158   256.8470
     2.0000     4.9842    -4.2703  -256.8470    -4.9842     4.2703  -255.5845
     3.0000     4.2703     4.9842   255.5845    -4.2703    -4.9842   342.5218

---------------------------------------
---------------------------------------
Nodal Support Reactions: 
(Node No. - Fx - Fy - Mz)
---------------------------------------
Support =

     1.00000    -5.01578    -4.27026   345.04674
     2.00000     0.00000     0.00000     0.00000
     3.00000     0.00000     0.00000     0.00000
     4.00000    -4.98422     4.27026   342.52178

sumFx = -10.000
sumFy =   -8.8818e-16
sumMz =  687.57
---------------------------------------
